96 33 45 37 47 88 21 65 49 8 87 79 30 18 95 54 35 95 : 16-7, 16-4, 13-17, 5-2, 16-4
55 79 5 87 23 88 3 14 1 48 13 78 3 80 83 59 49 : 7-0, 16-16, 2-3, 8-2, 10-1, 9-14
55 62 91 21 21 70 74 74 66 29 28 51 15 33 70 24 28 79 : 12-6, 0-1, 13-17, 17-4, 4-0
65 32 46 34 43 95 47 21 72 78 100 11 6 39 : 13-5
62 8 14 68 99 20 43 10 59 85 2 60 : 3-10, 9-0, 1-7
59 91 32 86 56 72 89 12 77 90 8 72 27 87 76 98 : 6-10, 7-0, 15-3, 12-3, 5-12, 5-2, 9-7, 9-9, 4-2
5 80 39 41 68 93 27 97 11 23 67 97 89 10 18 20 74 94 38 32 : 6-8, 18-4, 19-8, 15-2, 9-13, 4-16, 18-2, 10-12
78 76 36 92 39 7 83 39 45 89 : 6-2, 5-6
47 17 3 16 13 47 47 72 17 82 5 12 37 45 : 1-2, 11-11, 12-5, 12-5, 0-5, 6-10, 3-11
22 59 82 69 20 73 71 1 27 86 21 51 81 8 80 9 : 0-14, 2-0
76 49 23 49 82 4 74 61 32 37 21 77 68 45 1 40 65 : 11-5, 16-13, 6-10, 3-9
48 4 70 2 70 62 57 85 8 42 73 42 38 33 14 31 24 : 13-16, 14-7, 10-12, 7-2, 3-11, 0-2, 2-11, 10-3
72 92 58 89 53 35 64 69 36 91 61 28 43 4 93 : 11-10
44 64 63 28 74 43 61 72 9 36 73 57 55 30 85 18 68 : 10-12, 6-12
45 78 21 4 37 7 31 30 66 6 93 25 72 63 26 : 7-11, 8-7, 4-12, 9-10, 12-6, 9-12, 6-6
33 21 31 10 34 47 37 27 5 28 3 : 9-1, 7-7, 0-5, 1-3
40 62 77 34 15 63 75 82 6 22 79 70 70 73 : 10-10, 0-2, 2-6, 0-5, 5-1, 0-9, 2-11, 12-12
28 70 90 23 75 52 89 61 93 62 82 18 95 35 34 13 83 84 : 2-13, 0-7, 16-16, 2-7, 16-17, 10-6, 5-7, 14-9, 2-16
83 54 11 86 77 57 64 27 77 73 15 90 21 69 94 : 10-8, 1-1, 9-4, 6-4, 5-6, 10-2
22 37 42 84 1 49 27 91 1 61 5 25 56 : 4-3, 10-12
74 27 69 8 99 52 87 94 97 98 : 4-8, 0-9, 5-9, 5-0, 4-7
45 13 41 85 28 55 48 14 31 33 26 : 10-5, 6-10, 3-7, 5-0, 7-1, 6-9
36 23 48 72 54 28 66 45 84 26 5 65 88 30 91 : 13-5, 9-8, 13-9, 8-12, 2-5
30 53 46 6 55 81 66 13 27 76 94 31 94 63 : 13-7, 9-10
42 90 20 42 42 36 49 67 58 58 48 3 88 91 74 : 14-7, 2-3, 10-2, 2-13, 5-10, 10-9
31 59 67 89 98 72 30 57 88 37 22 : 8-3, 9-9, 7-0
78 23 54 23 95 83 49 6 8 24 42 6 86 38 12 25 31 58 10 : 18-8, 7-7, 3-18, 0-6, 13-17
67 61 37 39 28 12 14 72 94 25 48 6 100 14 45 68 : 12-13, 12-0, 14-15, 6-4, 15-5
91 70 71 5 97 63 35 5 66 64 38 27 69 : 9-9
76 2 34 79 41 87 95 11 76 5 85 55 : 5-1, 10-9, 1-6, 5-6
43 67 68 74 72 10 58 80 19 3 35 47 61 : 4-4, 1-8
33 11 64 15 59 3 83 66 61 68 51 25 29 41 19 18 78 27 79 : 18-16, 4-13, 10-3, 7-6, 18-16, 17-18
86 67 88 48 52 99 79 21 91 1 1 6 32 41 87 71 : 3-4, 15-11, 5-1, 9-12, 15-1, 3-2, 5-9, 5-12
69 81 86 59 58 29 7 67 16 52 24 28 : 7-0, 6-8
28 37 54 8 58 24 49 67 30 6 21 5 66 10 73 51 100 10 : 12-15
17 78 75 92 53 50 97 2 96 73 8 72 21 68 88 91 73 83 : 6-13, 12-4, 11-5, 7-12, 15-15, 9-8, 3-17, 6-4, 4-17, 16-7
27 37 40 39 7 6 28 80 59 100 64 47 34 26 84 10 91 77 16 60 : 3-17, 5-19, 15-2, 1-0, 7-19, 12-12, 1-8, 0-3, 14-18, 1-15, 14-17
63 77 65 24 67 88 5 37 22 35 : 9-7
51 2 39 33 50 9 95 24 29 83 : 0-8, 4-0, 0-2, 5-3
45 40 23 21 81 47 59 99 56 8 26 32 : 10-1, 10-11, 0-5, 2-7, 0-4
97 12 95 67 78 81 68 45 98 65 : 7-4, 0-3
88 4 59 7 6 68 93 36 1 69 82 74 11 17 92 42 82 8 29 : 5-13, 16-15, 4-14, 3-18, 1-14, 12-9, 5-16, 1-1, 12-18
38 29 93 66 31 50 45 62 7 21 15 76 85 91 : 12-9, 1-2, 9-11, 2-8, 11-13
11 21 93 99 9 18 78 5 94 10 71 4 55 87 94 : 8-5, 14-14, 12-12, 14-14, 7-3, 14-7
44 47 25 20 24 5 72 83 12 57 63 55 53 : 11-11, 3-11, 12-7, 12-3, 6-12, 0-12
68 77 51 92 21 35 75 9 84 56 30 61 7 85 48 54 : 13-1
100 31 83 70 65 31 82 16 56 97 70 4 73 27 30 88 26 18 12 89 : 9-19
83 95 55 42 83 24 28 23 1 71 52 75 69 75 76 : 10-8, 0-6, 10-12, 14-9, 4-6
75 61 42 77 70 42 63 17 99 60 28 98 39 : 12-9, 4-8, 4-5, 10-2
81 35 41 81 100 42 65 37 71 65 60 14 1 63 : 10-8, 0-0, 5-10, 2-11, 2-13, 5-6, 2-1, 6-6
19 49 68 25 45 67 88 4 31 73 69 47 43 : 10-9, 8-8, 10-6, 4-9, 6-3, 11-8, 0-0
70 14 32 3 28 61 8 50 90 70 40 43 : 7-9
56 22 60 29 87 48 73 53 48 67 56 51 100 48 34 97 : 8-7, 12-6, 15-7, 0-14, 10-14, 8-6, 2-4
29 23 27 85 1 2 90 30 94 83 35 89 56 70 33 : 11-6, 1-7, 11-7, 11-12, 11-12, 7-12, 0-14
17 44 91 40 61 46 77 70 76 96 42 52 87 49 57 77 41 : 2-7, 16-13, 0-7, 15-4, 3-5, 11-14, 6-6, 14-4
34 67 51 46 90 68 74 11 55 49 93 96 14 60 90 45 45 : 15-7
78 80 2 32 49 91 98 96 12 97 32 : 5-10, 0-4, 7-9, 10-0
48 85 81 67 96 91 9 99 20 24 42 : 3-2, 7-2, 10-4
95 37 54 3 59 10 28 59 7 22 95 43 35 80 36 51 93 33 45 : 7-1, 11-15, 18-16, 6-9, 14-3, 0-16, 11-13, 1-15, 9-11
30 48 24 62 1 49 17 78 20 6 9 9 33 86 24 27 83 45 21 : 13-6, 10-0, 9-8, 6-6
79 30 16 21 54 13 45 31 7 83 9 3 80 31 25 85 96 34 48 : 16-4, 2-1, 9-11
68 8 50 23 66 67 20 47 40 90 56 77 44 21 29 66 50 : 16-5, 7-16, 16-5, 11-10, 4-9, 13-7, 11-5
5 97 80 7 56 26 15 57 49 48 49 53 72 33 72 60 87 : 9-12, 7-2, 13-15, 6-0, 13-8, 0-5, 15-16, 5-6, 11-2
31 97 28 17 16 58 72 79 26 96 99 74 69 87 : 6-4, 9-0, 6-11, 8-4, 6-7
20 99 30 19 69 22 30 96 27 55 10 42 37 19 39 42 : 11-15, 9-8, 15-0, 6-9, 3-12, 13-1
90 92 50 84 22 58 59 28 95 87 : 0-7, 0-1, 6-1
4 92 12 39 24 91 71 28 11 5 76 41 : 2-2, 2-2, 6-3, 3-9, 9-10, 3-1, 5-0
72 2 64 19 80 22 69 96 66 37 27 72 2 70 62 51 93 33 : 9-5, 14-13, 0-12, 0-14, 4-11, 17-6, 8-1
70 82 6 38 3 69 54 20 32 16 98 97 74 26 78 : 1-2
88 96 7 53 33 27 85 39 73 70 16 67 1 : 10-12, 1-3, 7-6, 9-7, 7-6, 6-9
9 13 77 11 11 37 70 65 75 48 93 : 0-3, 8-7
68 33 96 93 66 35 73 11 95 14 85 27 : 1-10, 0-3
40 1 6 43 44 24 85 96 45 76 96 16 26 87 43 : 0-9, 14-0, 8-6, 2-10, 9-0, 9-10, 3-0, 14-14
27 2 2 100 84 97 7 95 85 89 12 22 99 15 : 10-9, 9-2, 7-13, 2-9
89 52 61 82 78 69 33 23 24 20 94 22 18 63 : 0-7, 7-10, 5-7, 10-2, 10-5, 11-13, 4-8, 1-2
10 21 73 81 75 82 35 27 20 61 79 : 8-8, 0-7
86 61 77 98 74 11 44 62 65 33 : 0-9, 6-8
44 26 17 27 83 68 93 32 48 17 7 : 0-1
5 58 15 66 19 14 83 95 7 37 : 8-1, 5-9, 4-3, 4-7, 3-7
77 61 19 45 17 71 100 60 84 49 91 27 21 14 40 85 23 88 47 : 10-16, 1-12, 9-17
11 40 61 3 78 5 9 36 84 18 27 97 38 77 28 : 8-12, 8-6, 5-13
95 81 44 21 27 51 29 38 77 48 : 3-9, 6-7
73 63 80 70 7 73 92 4 41 33 84 : 10-6, 5-7, 3-7
86 24 92 44 25 51 93 53 25 99 3 44 : 10-2, 11-4, 0-0, 5-9, 5-5, 8-0
78 21 24 23 70 8 77 47 8 98 75 12 19 88 9 56 79 39 : 16-9, 15-13, 10-1, 1-16, 13-13, 11-5, 17-16
46 24 83 15 88 48 95 99 28 43 49 49 41 56 : 12-13
40 61 64 40 64 57 92 47 96 83 62 99 94 60 29 97 15 59 : 9-15, 11-10, 8-2, 4-12, 4-16, 14-4, 1-10, 16-15, 4-2, 13-0
89 41 62 77 27 83 96 43 94 1 20 67 57 : 10-4, 0-10, 6-4
59 24 78 30 9 53 15 93 6 5 : 2-2, 2-4, 8-1, 9-2, 6-5
26 93 76 41 95 75 39 1 1 54 35 29 31 57 40 42 : 6-10, 9-12, 13-13, 8-3, 13-6, 1-13, 9-12, 10-3
45 98 77 57 89 42 49 95 34 35 90 74 85 42 26 8 75 26 51 7 : 11-4
15 44 40 53 9 58 23 92 27 100 64 93 69 22 11 15 85 : 2-11, 13-15, 4-1, 4-11, 7-2, 6-16
55 32 87 40 43 1 76 34 14 48 35 52 : 0-3
84 92 7 51 18 41 64 10 6 91 4 6 45 39 62 75 97 20 : 8-12, 17-5, 4-1, 8-7, 7-3, 14-9, 16-17, 3-13, 15-16, 0-3
72 19 25 51 47 21 28 63 77 87 92 62 45 92 23 32 3 57 : 0-2, 12-8, 10-1, 16-9, 7-2, 8-3, 7-9
66 50 56 61 95 55 15 12 21 14 96 90 99 55 28 52 : 13-9, 10-0, 14-10, 0-12, 14-11, 13-3, 3-5, 6-13, 6-6
70 39 23 2 35 10 62 12 83 76 52 14 59 32 31 : 6-7, 4-11
65 75 63 28 37 3 14 18 59 75 26 10 56 : 8-8, 4-10
68 41 93 29 52 91 80 90 25 6 45 72 33 2 47 : 7-1, 9-4, 4-0
67 70 62 83 76 9 8 61 87 92 90 : 4-2, 7-0
