55 6019 9099 3348 1568 6030 7148 8879 2889 2200 3245 4839 7768 7774 3734 172 6222 3772 5960 3522 2812 4394 4858 8651 6848 1228 2533 7594 1535 2256 4566 250 5281 671 2523 1546 5191 2064 5955 4284 889 4013 2269 7655 454 7149 9028 1552 2360 2221 6065 8550 5649 8508 6961 1800
71 3402 534 3848 9757 2511 7845 1877 2501 7371 2456 859 7814 9336 4119 8051 2455 4453 7717 3516 8789 7518 8952 485 4762 9864 7190 1668 4503 5062 6754 3392 3042 9600 7647 3456 6091 1574 7487 1482 390 6520 3769 1592 899 1090 494 5846 8823 9132 3769 2616 3043 4561 3279 2725 9382 7199 7212 4087 1768 3381 3627 2361 4638 7021 8807 3882 2183 3271 9010 9859
2 8726 3287
3 20 30 40
61 5124 1691 3133 4545 3657 7745 6526 3959 8866 8755 9995 464 8093 7297 5929 5138 7918 5604 8014 2056 8874 505 1402 1781 2319 1738 1999 1122 6766 8011 3978 5617 7703 5645 4669 7341 2144 1561 8068 3938 71 7730 5282 6459 9517 2220 3977 414 13 7139 1687 1606 3692 2266 4540 4778 7316 4236 9135 8077 6778
8 9049 6171 9694 6823 4763 3735 7014 8732
45 1569 7713 8694 952 8986 3949 5938 2656 5123 9296 8605 2182 2455 2956 4419 7518 6840 9799 9766 9503 1150 4325 4722 1751 4644 3654 7338 1128 6541 2666 2289 7237 4148 3365 2449 768 5159 218 5294 657 5959 6339 3882 8907 4823
3 1244 7190 3176
4 3 3 5 7
3 4749 2860 3067
